image_size:
  height: 480
  width: 640
camera_matrix:
  - 359.0416607440124
  - 0
  - 326.7664029189718
  - 0
  - 359.4554209546856
  - 227.4554222575176
  - 0
  - 0
  - 1
fish_eye: true
dist_coeffs:
  - -0.06170247224470661
  - 0.031007158721413
  - -0.01848443192406562
  - -0.002848753682136129
homography:
  - -0.07507768767967746 
  - -0.003909525546509963 
  - 25.56898829064741
  - 0.0003894013235704503 
  - 0.07627973097664416 
  - -38.14415891341121
  - 3.457316405613152e-06
  - -0.004648915178930289 
  - 0.9999999999999999