image_size:
  width: 748
  height: 480
fish_eye: true
camera_matrix:
  - 208.4239625149262
  - 0
  - 384.6574980269918
  - 0
  - 208.4087672632448
  - 239.856929584705
  - 0
  - 0
  - 1
dist_coeffs:
  - -0.0399256707419408
  - 0.01135881899916526
  - -0.01306226028736045
  - 0.003098116420395192