image_size:
  width: 3840
  height: 2880
fish_eye: true
camera_matrix:
  - 1927.950759649922
  - 0
  - 1953.086549628652
  - 0
  - 1929.020400052587
  - 1410.361348777359
  - 0
  - 0
  - 1
dist_coeffs:
  - -0.04118703970638631
  - -0.01324840953010022
  - 0.01670889600144994
  - -0.01122219950986814