distortion_model: fisheye
image_width: 640
image_height: 480
camera_matrix:
  - 333.15573136443311
  - 0
  - 347.35764726608232
  - 0
  - 333.46205837667264
  - 244.6725363125064
  - 0
  - 0
  - 1
dist_coeffs:
  - -0.013044680054213522
  - -0.018615278892457742
  - 0.042934757100298794
  - -0.035451382069585494