distortion_model: fisheye
image_width: 640
image_height: 480
camera_matrix:
  - 333.823778309849
  - 0.9812354659021822
  - 349.1737317341535
  - 0
  - 334.086736166088
  - 244.6073201034381
  - 0
  - 0
  - 1
dist_coeffs:
  - -0.01665259156496867
  - -0.01738645249453061
  - 0.04632859073379792
  - -0.03742159249927974