distortion_model: fisheye
image_width: 640
image_height: 480
camera_matrix:
  - 333.1557323629809
  - 0
  - 347.3576476995693
  - 0
  - 333.4620593967721
  - 244.6725363012769
  - 0
  - 0
  - 1
dist_coeffs:
  - -0.0130446848799813
  - -0.01861527631606222
  - 0.04293476188227904
  - -0.03545138672370551